/mnt/d/index_audio_v3/index_audio/Audio_data_base/corpus_fi.bin
0	0	0	0	0	0	0	0	0	0	0	0	0	2	664	1380	2	0	0	0	0	0	0	0	0	0	0	0	0	0	
0	0	0	0	0	0	0	0	0	0	0	0	1	9	852	1175	9	2	0	0	0	0	0	0	0	0	0	0	0	0	
0	0	0	0	0	0	0	0	1	3	3	12	19	92	754	1025	92	24	13	7	3	0	0	0	0	0	0	0	0	0	
0	0	0	0	0	0	0	0	0	3	13	51	114	289	532	524	339	114	42	24	1	2	0	0	0	0	0	0	0	0	
0	0	0	0	0	0	0	0	0	0	2	6	52	118	715	958	124	63	10	0	0	0	0	0	0	0	0	0	0	0	
0	0	0	0	0	0	0	0	0	0	8	44	109	224	615	711	145	93	49	45	5	0	0	0	0	0	0	0	0	0	
0	0	0	0	0	0	0	0	0	0	9	41	139	291	566	500	285	132	76	9	0	0	0	0	0	0	0	0	0	0	
0	0	0	0	0	0	0	0	0	0	1	24	108	327	544	602	259	127	52	4	0	0	0	0	0	0	0	0	0	0	
0	0	0	0	0	0	0	0	0	0	0	26	115	198	747	614	173	89	77	9	0	0	0	0	0	0	0	0	0	0	
0	0	0	0	0	0	0	0	0	0	0	0	7	68	881	1007	59	19	7	0	0	0	0	0	0	0	0	0	0	0	
0	0	0	0	0	0	0	0	1	4	12	27	48	72	706	981	96	47	39	12	3	0	0	0	0	0	0	0	0	0	
0	0	0	0	0	0	0	0	0	0	2	50	130	259	583	543	282	129	51	15	4	0	0	0	0	0	0	0	0	0	
0	0	0	0	0	0	0	0	0	0	0	0	8	27	747	1217	39	8	2	0	0	0	0	0	0	0	0	0	0	0	
0	0	0	0	0	0	0	0	0	0	5	23	61	124	680	916	145	60	29	5	0	0	0	0	0	0	0	0	0	0	
0	0	0	0	0	0	0	0	0	3	21	37	57	254	577	703	290	60	34	11	1	0	0	0	0	0	0	0	0	0	
0	0	0	0	0	0	0	0	0	0	3	34	101	199	514	857	198	89	50	3	0	0	0	0	0	0	0	0	0	0	
0	0	0	0	0	0	0	0	0	0	21	46	149	286	489	534	289	154	77	3	0	0	0	0	0	0	0	0	0	0	
0	0	0	0	0	0	0	0	0	0	0	5	48	115	799	888	141	38	14	0	0	0	0	0	0	0	0	0	0	0	
0	0	0	0	0	0	0	0	0	0	3	7	31	183	751	824	199	44	5	1	0	0	0	0	0	0	0	0	0	0	
0	0	0	0	0	0	0	0	0	0	0	0	6	41	799	1134	58	9	1	0	0	0	0	0	0	0	0	0	0	0	
0	0	0	0	0	0	0	0	1	4	25	44	137	288	532	481	272	176	66	19	3	0	0	0	0	0	0	0	0	0	
0	0	0	0	0	0	0	0	0	0	3	25	72	195	660	785	193	81	33	1	0	0	0	0	0	0	0	0	0	0	
0	0	0	0	0	0	0	0	0	2	11	30	75	183	659	774	172	86	52	4	0	0	0	0	0	0	0	0	0	0	
0	0	0	0	0	0	0	0	0	0	21	41	55	79	642	974	102	78	48	8	0	0	0	0	0	0	0	0	0	0	
0	0	0	0	0	0	0	0	0	0	20	48	118	204	611	654	216	98	42	28	9	0	0	0	0	0	0	0	0	0	
0	0	0	0	0	0	0	0	0	0	2	13	53	178	720	813	182	47	34	6	0	0	0	0	0	0	0	0	0	0	
0	0	0	0	0	0	0	0	0	0	2	15	124	288	581	551	327	133	26	1	0	0	0	0	0	0	0	0	0	0	
0	0	0	0	0	0	0	0	0	1	12	68	151	288	480	491	319	167	50	18	3	0	0	0	0	0	0	0	0	0	
0	0	0	0	0	0	0	0	0	0	1	31	100	204	617	741	224	102	27	1	0	0	0	0	0	0	0	0	0	0	
0	0	0	0	0	0	0	0	0	0	0	0	0	0	458	1590	0	0	0	0	0	0	0	0	0	0	0	0	0	0	
0	0	0	0	0	0	0	0	0	0	4	23	86	220	638	767	180	70	44	14	2	0	0	0	0	0	0	0	0	0	
0	0	0	0	0	0	0	0	0	1	11	22	65	174	693	777	189	74	31	9	2	0	0	0	0	0	0	0	0	0	
0	0	0	0	0	0	0	0	0	1	14	56	118	232	545	652	216	123	62	24	5	0	0	0	0	0	0	0	0	0	
0	0	0	0	0	0	0	0	0	0	0	0	0	0	768	1280	0	0	0	0	0	0	0	0	0	0	0	0	0	0	
0	0	0	0	0	0	0	0	0	0	1	7	7	13	776	1214	18	4	5	3	0	0	0	0	0	0	0	0	0	0	
0	0	0	0	0	0	0	0	0	2	20	66	72	95	611	881	124	113	45	18	1	0	0	0	0	0	0	0	0	0	
0	0	0	0	0	0	0	0	0	0	9	23	79	149	650	878	116	97	36	10	1	0	0	0	0	0	0	0	0	0	
0	0	0	0	0	0	0	0	0	0	7	43	95	203	600	728	195	111	53	13	0	0	0	0	0	0	0	0	0	0	
0	0	0	0	0	0	0	0	0	0	0	0	4	130	820	943	137	13	1	0	0	0	0	0	0	0	0	0	0	0	
0	0	0	0	0	0	0	0	0	0	2	12	22	91	792	996	85	36	10	2	0	0	0	0	0	0	0	0	0	0	
0	0	0	0	0	0	0	0	0	0	0	6	22	74	588	1218	102	33	5	0	0	0	0	0	0	0	0	0	0	0	
0	0	0	0	0	0	0	0	0	0	2	46	111	195	666	643	220	94	52	19	0	0	0	0	0	0	0	0	0	0	
0	0	0	0	0	0	0	0	0	3	22	56	83	161	667	737	125	97	72	22	3	0	0	0	0	0	0	0	0	0	
0	0	0	0	0	0	0	0	0	0	0	28	54	180	659	844	200	80	3	0	0	0	0	0	0	0	0	0	0	0	
0	0	0	0	0	0	0	0	0	0	0	0	0	0	348	1700	0	0	0	0	0	0	0	0	0	0	0	0	0	0	
0	0	0	0	0	0	0	0	0	0	0	0	0	2	813	1231	2	0	0	0	0	0	0	0	0	0	0	0	0	0	
0	0	0	0	0	0	0	0	0	0	0	0	0	17	886	1110	35	0	0	0	0	0	0	0	0	0	0	0	0	0	
0	0	0	0	0	0	0	0	0	7	23	78	97	184	494	719	233	129	57	18	8	1	0	0	0	0	0	0	0	0	
0	0	0	0	0	0	0	0	0	0	1	9	76	170	742	745	218	74	12	1	0	0	0	0	0	0	0	0	0	0	
0	0	0	0	0	0	0	0	0	2	16	57	153	299	483	423	364	193	44	13	1	0	0	0	0	0	0	0	0	0	
0	0	0	0	0	0	0	0	0	2	7	24	73	138	601	954	144	60	34	10	1	0	0	0	0	0	0	0	0	0	
0	0	0	0	0	0	0	0	0	0	0	1	19	34	761	1184	27	20	2	0	0	0	0	0	0	0	0	0	0	0	
0	0	0	0	0	0	0	0	0	1	11	30	70	172	620	858	127	111	40	8	0	0	0	0	0	0	0	0	0	0	
0	0	0	0	0	0	0	0	0	0	0	0	11	104	725	1077	114	17	0	0	0	0	0	0	0	0	0	0	0	0	
0	0	0	0	0	0	0	0	0	0	0	11	68	154	731	834	164	79	7	0	0	0	0	0	0	0	0	0	0	0	
0	0	0	0	0	0	0	1	3	13	23	50	106	188	558	694	216	97	61	24	13	1	0	0	0	0	0	0	0	0	
0	0	0	0	0	0	0	0	0	0	0	17	73	128	708	895	148	39	22	17	1	0	0	0	0	0	0	0	0	0	
0	0	0	0	0	0	0	0	0	0	2	17	91	161	671	818	184	65	29	7	3	0	0	0	0	0	0	0	0	0	
0	0	0	0	0	0	0	0	0	6	14	48	87	129	617	859	122	78	56	27	5	0	0	0	0	0	0	0	0	0	
0	0	0	0	0	0	0	0	0	0	0	5	33	164	791	851	164	29	8	3	0	0	0	0	0	0	0	0	0	0	
0	0	0	0	0	0	0	0	1	2	7	48	71	120	546	1005	106	85	37	15	5	0	0	0	0	0	0	0	0	0	
0	0	0	0	0	0	0	0	0	0	0	33	139	301	516	535	333	153	36	2	0	0	0	0	0	0	0	0	0	0	
0	0	0	0	0	0	0	0	0	0	2	8	16	38	416	1511	34	12	9	2	0	0	0	0	0	0	0	0	0	0	
0	0	0	0	0	0	0	0	0	0	1	35	109	227	564	731	216	112	49	4	0	0	0	0	0	0	0	0	0	0	
0	0	0	0	0	0	0	0	0	0	0	0	0	12	579	1444	10	3	0	0	0	0	0	0	0	0	0	0	0	0	
0	0	0	0	0	0	0	0	0	0	18	44	95	163	629	742	201	100	52	4	0	0	0	0	0	0	0	0	0	0	
0	0	0	0	0	0	0	0	0	0	0	0	12	119	625	1152	128	12	0	0	0	0	0	0	0	0	0	0	0	0	
0	0	0	0	0	0	0	0	0	3	27	59	89	179	529	775	169	144	48	23	3	0	0	0	0	0	0	0	0	0	
0	0	0	0	0	0	0	0	0	0	0	0	2	24	781	1210	30	1	0	0	0	0	0	0	0	0	0	0	0	0	
0	0	0	0	0	0	0	0	0	0	0	2	9	104	849	948	112	24	0	0	0	0	0	0	0	0	0	0	0	0	
0	0	0	0	0	0	0	0	0	0	0	0	29	137	716	985	135	45	1	0	0	0	0	0	0	0	0	0	0	0	
0	0	0	0	0	0	0	0	1	9	28	76	170	260	403	550	227	202	86	28	5	3	0	0	0	0	0	0	0	0	
0	0	0	0	0	0	0	0	0	0	0	0	6	28	709	1268	26	11	0	0	0	0	0	0	0	0	0	0	0	0	
0	0	0	0	0	0	0	0	0	0	0	0	0	16	866	1140	26	0	0	0	0	0	0	0	0	0	0	0	0	0	
0	0	0	0	0	0	0	0	0	2	13	51	87	182	538	795	226	112	31	10	1	0	0	0	0	0	0	0	0	0	
0	0	0	0	0	0	0	0	0	0	15	46	158	347	443	431	355	210	39	4	0	0	0	0	0	0	0	0	0	0	
0	0	0	0	0	0	0	0	0	0	20	39	71	71	548	1083	93	61	37	20	5	0	0	0	0	0	0	0	0	0	
0	0	0	0	0	0	0	0	0	0	6	22	109	313	513	568	391	114	12	0	0	0	0	0	0	0	0	0	0	0	
0	0	0	0	0	0	0	0	0	0	4	40	92	234	602	689	227	120	37	3	0	0	0	0	0	0	0	0	0	0	
0	0	0	0	0	0	0	0	0	2	9	52	92	170	585	780	190	105	43	16	4	0	0	0	0	0	0	0	0	0	
0	0	0	0	0	0	0	0	0	2	9	41	134	267	513	593	298	141	39	10	1	0	0	0	0	0	0	0	0	0	
0	0	0	0	0	0	0	0	0	0	0	2	68	190	704	791	226	66	1	0	0	0	0	0	0	0	0	0	0	0	
0	0	0	0	0	0	0	0	0	0	0	29	69	163	643	865	178	62	26	11	2	0	0	0	0	0	0	0	0	0	
0	0	0	0	0	0	0	0	0	0	0	2	18	127	698	1050	121	30	1	1	0	0	0	0	0	0	0	0	0	0	
0	0	0	0	0	0	0	0	1	12	13	32	96	187	504	821	220	102	34	14	11	1	0	0	0	0	0	0	0	0	
0	0	0	0	0	0	0	0	0	0	0	0	12	96	764	1056	106	14	0	0	0	0	0	0	0	0	0	0	0	0	
0	0	0	0	0	0	0	0	0	0	0	0	0	0	619	1429	0	0	0	0	0	0	0	0	0	0	0	0	0	0	
0	0	0	0	0	0	0	0	0	0	0	2	3	71	892	994	76	4	4	0	2	0	0	0	0	0	0	0	0	0	
0	0	0	0	0	0	0	0	0	0	0	0	0	7	874	1151	16	0	0	0	0	0	0	0	0	0	0	0	0	0	
0	0	0	0	0	0	0	0	1	9	23	47	135	170	571	688	177	157	48	11	8	3	0	0	0	0	0	0	0	0	
0	0	0	0	0	0	0	0	0	1	2	20	120	230	621	629	294	117	10	4	0	0	0	0	0	0	0	0	0	0	
0	0	0	0	0	0	0	0	0	3	35	83	201	211	434	507	237	208	111	15	2	0	1	0	0	0	0	0	0	0	
0	0	0	0	0	0	0	0	0	0	0	0	1	2	615	1428	0	1	1	0	0	0	0	0	0	0	0	0	0	0	
0	0	0	0	0	0	0	0	0	4	20	41	83	262	518	669	310	90	30	12	8	1	0	0	0	0	0	0	0	0	
0	0	0	0	0	0	0	0	0	0	4	28	37	68	816	943	88	35	25	4	0	0	0	0	0	0	0	0	0	0	
0	0	0	0	0	0	0	0	0	0	0	2	36	333	612	633	392	35	5	0	0	0	0	0	0	0	0	0	0	0	
0	0	0	0	0	0	0	0	0	1	6	8	26	122	816	893	119	35	17	3	2	0	0	0	0	0	0	0	0	0	
0	0	0	0	0	0	0	0	0	2	13	34	63	152	602	897	156	87	25	16	1	0	0	0	0	0	0	0	0	0	
0	0	0	0	0	0	0	0	0	1	6	23	74	187	735	725	137	101	39	16	4	0	0	0	0	0	0	0	0	0	
0	0	0	0	0	0	0	0	0	0	1	55	60	121	735	818	142	60	44	12	0	0	0	0	0	0	0	0	0	0	
0	0	0	0	0	0	0	0	0	0	14	34	58	85	685	960	101	59	41	11	0	0	0	0	0	0	0	0	0	0	
0	0	0	0	0	0	0	0	0	0	1	16	25	76	795	991	104	28	11	1	0	0	0	0	0	0	0	0	0	0	
0	0	0	0	0	0	0	0	1	3	3	31	147	268	548	592	260	118	65	12	0	0	0	0	0	0	0	0	0	0	
0	0	0	0	0	0	0	0	0	0	0	0	0	11	673	1340	24	0	0	0	0	0	0	0	0	0	0	0	0	0	
0	0	0	0	0	0	0	0	0	0	0	0	0	0	676	1372	0	0	0	0	0	0	0	0	0	0	0	0	0	0	
0	0	0	0	0	0	0	0	0	0	0	0	4	24	588	1413	7	8	4	0	0	0	0	0	0	0	0	0	0	0	
0	0	0	0	0	0	0	0	0	3	73	183	206	260	223	305	316	265	131	73	10	0	0	0	0	0	0	0	0	0	
0	0	0	0	0	0	0	0	0	0	0	11	183	403	416	517	317	98	93	10	0	0	0	0	0	0	0	0	0	0	
0	0	0	0	0	0	0	0	0	0	18	80	178	481	373	279	250	173	148	56	12	0	0	0	0	0	0	0	0	0	
0	0	0	0	0	0	0	0	0	0	9	278	252	278	222	216	228	249	199	115	2	0	0	0	0	0	0	0	0	0	
0	0	0	0	0	0	0	0	0	0	17	79	237	206	410	520	236	220	117	6	0	0	0	0	0	0	0	0	0	0	
0	0	0	0	0	0	0	0	0	2	32	56	89	127	543	894	110	81	83	28	3	0	0	0	0	0	0	0	0	0	
0	0	0	0	0	0	0	0	0	0	1	16	85	417	587	496	212	138	82	14	0	0	0	0	0	0	0	0	0	0	
0	0	0	0	0	0	0	0	0	0	1	9	64	238	694	695	249	89	9	0	0	0	0	0	0	0	0	0	0	0	
0	0	0	0	0	0	0	0	0	0	0	6	64	542	546	422	219	113	77	53	6	0	0	0	0	0	0	0	0	0	
0	0	0	0	0	0	0	0	0	0	33	82	131	239	541	491	286	134	70	35	6	0	0	0	0	0	0	0	0	0	
0	0	0	0	0	0	0	0	0	2	28	37	55	330	526	608	346	51	32	32	1	0	0	0	0	0	0	0	0	0	
0	0	0	0	0	0	0	0	0	0	0	5	195	263	542	603	229	117	66	27	1	0	0	0	0	0	0	0	0	0	
0	0	0	0	0	0	0	0	0	0	16	186	283	230	244	340	279	312	157	1	0	0	0	0	0	0	0	0	0	0	
0	0	0	0	0	0	0	0	0	0	54	271	241	196	222	252	245	256	267	44	0	0	0	0	0	0	0	0	0	0	
0	0	0	0	0	0	0	0	0	0	3	69	177	385	471	320	249	218	149	7	0	0	0	0	0	0	0	0	0	0	
0	0	0	0	0	0	0	0	0	1	38	42	103	211	535	678	313	56	71	0	0	0	0	0	0	0	0	0	0	0	
0	0	0	0	0	0	0	0	0	0	1	31	66	178	646	810	200	97	19	0	0	0	0	0	0	0	0	0	0	0	
0	0	0	0	0	0	0	0	0	0	3	60	69	194	601	768	210	78	61	4	0	0	0	0	0	0	0	0	0	0	
0	0	0	0	0	0	0	0	0	0	130	174	129	153	386	420	214	173	184	85	0	0	0	0	0	0	0	0	0	0	
0	0	0	0	0	0	0	0	0	0	0	79	219	293	386	440	366	162	89	13	1	0	0	0	0	0	0	0	0	0	
0	0	0	0	0	0	0	0	0	0	19	78	130	251	522	553	226	153	99	17	0	0	0	0	0	0	0	0	0	0	
0	0	0	0	0	0	0	0	0	0	58	195	145	177	296	454	398	199	115	11	0	0	0	0	0	0	0	0	0	0	
0	0	0	0	0	0	0	0	0	0	0	12	125	298	557	583	318	138	17	0	0	0	0	0	0	0	0	0	0	0	
0	0	0	0	0	0	0	0	0	7	28	108	260	330	284	280	281	311	112	42	4	1	0	0	0	0	0	0	0	0	
0	0	0	0	0	0	0	0	0	3	74	297	272	211	174	169	203	232	319	91	3	0	0	0	0	0	0	0	0	0	
0	0	0	0	0	0	0	0	0	4	15	92	164	405	466	258	239	196	185	21	3	0	0	0	0	0	0	0	0	0	
0	0	0	0	0	0	0	0	0	0	0	1	23	48	659	1230	71	15	1	0	0	0	0	0	0	0	0	0	0	0	
0	0	0	0	0	0	0	0	0	2	9	32	290	493	302	194	262	243	190	30	1	0	0	0	0	0	0	0	0	0	
0	0	0	0	0	0	0	0	0	1	48	212	198	230	229	341	296	350	140	3	0	0	0	0	0	0	0	0	0	0	
0	0	0	0	0	0	0	0	0	0	10	13	11	115	804	946	124	25	0	0	0	0	0	0	0	0	0	0	0	0	
0	0	0	0	0	0	0	0	0	8	28	86	108	247	412	614	374	117	42	10	2	0	0	0	0	0	0	0	0	0	
0	0	0	0	0	0	0	0	0	1	16	58	142	408	472	371	229	224	101	24	2	0	0	0	0	0	0	0	0	0	
0	0	0	0	0	0	0	0	0	1	11	17	56	196	652	822	214	54	25	0	0	0	0	0	0	0	0	0	0	0	
0	0	0	0	0	0	0	0	0	4	60	134	226	208	274	391	374	242	108	26	1	0	0	0	0	0	0	0	0	0	
0	0	0	0	0	0	0	0	0	0	0	252	233	211	238	315	331	313	155	0	0	0	0	0	0	0	0	0	0	0	
0	0	0	0	0	0	0	0	0	0	12	70	100	206	574	582	312	183	9	0	0	0	0	0	0	0	0	0	0	0	
0	0	0	0	0	0	0	0	0	0	0	5	138	304	554	679	210	76	42	25	15	0	0	0	0	0	0	0	0	0	
0	0	0	0	0	0	0	0	0	6	18	67	103	250	542	569	279	130	41	29	14	0	0	0	0	0	0	0	0	0	
0	0	0	0	0	0	0	0	0	1	1	58	248	380	365	309	337	225	111	12	1	0	0	0	0	0	0	0	0	0	
0	0	0	0	0	0	0	0	3	7	25	77	131	158	555	714	121	109	110	35	3	0	0	0	0	0	0	0	0	0	
0	0	0	0	0	0	0	0	0	0	5	58	171	314	527	446	190	218	88	27	4	0	0	0	0	0	0	0	0	0	
0	0	0	0	0	0	0	0	0	0	27	345	207	161	162	182	308	587	69	0	0	0	0	0	0	0	0	0	0	0	
0	0	0	0	0	0	0	0	0	1	38	120	177	195	401	576	182	162	156	40	0	0	0	0	0	0	0	0	0	0	
0	0	0	0	0	0	0	0	0	0	0	0	21	69	635	1221	79	22	1	0	0	0	0	0	0	0	0	0	0	0	
0	0	0	0	0	0	0	0	0	0	0	0	0	11	941	1063	33	0	0	0	0	0	0	0	0	0	0	0	0	0	
0	0	0	0	0	0	0	0	0	0	0	0	0	9	953	1075	11	0	0	0	0	0	0	0	0	0	0	0	0	0	
0	0	0	0	0	0	0	0	0	0	0	0	0	0	729	1318	1	0	0	0	0	0	0	0	0	0	0	0	0	0	
0	0	0	0	0	0	0	0	0	7	68	131	133	151	350	577	330	190	71	33	7	0	0	0	0	0	0	0	0	0	
0	0	0	0	0	0	0	0	0	0	0	13	103	388	671	401	242	137	90	3	0	0	0	0	0	0	0	0	0	0	
0	0	0	0	0	0	0	0	0	0	2	53	130	189	549	740	172	122	69	22	0	0	0	0	0	0	0	0	0	0	
0	0	0	0	0	0	0	0	0	0	0	0	1	21	804	1194	26	2	0	0	0	0	0	0	0	0	0	0	0	0	
0	0	0	0	0	0	0	0	0	0	7	136	211	387	309	311	293	166	189	39	0	0	0	0	0	0	0	0	0	0	
0	0	0	0	0	0	0	0	0	3	71	97	136	221	308	475	535	188	14	0	0	0	0	0	0	0	0	0	0	0	
0	0	0	0	0	0	0	0	0	6	18	55	153	270	392	524	474	131	25	0	0	0	0	0	0	0	0	0	0	0	
0	0	0	0	0	0	0	0	1	5	27	67	66	190	629	691	180	76	66	35	14	1	0	0	0	0	0	0	0	0	
0	0	0	0	0	0	0	0	3	6	37	109	217	270	320	362	421	201	83	17	2	0	0	0	0	0	0	0	0	0	
0	0	0	0	0	0	0	0	0	17	47	151	179	207	215	375	567	201	76	13	0	0	0	0	0	0	0	0	0	0	
0	0	0	0	0	0	0	0	0	0	0	59	255	351	394	281	411	179	100	18	0	0	0	0	0	0	0	0	0	0	
0	0	0	0	0	0	0	0	0	0	27	42	95	204	456	797	364	54	9	0	0	0	0	0	0	0	0	0	0	0	
0	0	0	0	0	0	0	0	0	6	46	55	147	275	457	495	271	180	94	22	0	0	0	0	0	0	0	0	0	0	
0	0	0	0	0	0	0	0	0	0	7	43	74	247	615	661	266	89	38	8	0	0	0	0	0	0	0	0	0	0	
0	0	0	0	0	0	0	0	0	5	12	13	19	58	753	1075	51	24	17	13	8	0	0	0	0	0	0	0	0	0	
0	0	0	0	0	0	0	0	0	0	0	99	352	362	324	230	163	219	266	33	0	0	0	0	0	0	0	0	0	0	
0	0	0	0	0	0	0	0	0	0	0	29	185	295	523	461	328	130	91	6	0	0	0	0	0	0	0	0	0	0	
0	0	0	0	0	0	0	0	1	5	14	85	179	256	495	419	277	207	84	17	9	0	0	0	0	0	0	0	0	0	
0	0	0	0	0	0	0	0	0	0	0	1	57	445	529	470	411	131	3	1	0	0	0	0	0	0	0	0	0	0	
0	0	0	0	0	0	0	0	3	8	36	114	286	331	273	238	286	267	154	42	10	0	0	0	0	0	0	0	0	0	
0	0	0	0	0	0	0	0	0	0	2	115	260	369	285	287	357	171	122	80	0	0	0	0	0	0	0	0	0	0	
0	0	0	0	0	0	0	0	0	0	0	0	9	209	560	1036	201	33	0	0	0	0	0	0	0	0	0	0	0	0	
0	0	0	0	0	0	0	0	0	0	0	0	0	0	809	1239	0	0	0	0	0	0	0	0	0	0	0	0	0	0	
0	0	0	0	0	0	0	0	0	0	0	0	0	0	528	1520	0	0	0	0	0	0	0	0	0	0	0	0	0	0	
0	0	0	0	0	0	0	0	0	0	0	0	52	230	679	787	243	57	0	0	0	0	0	0	0	0	0	0	0	0	
0	0	0	0	0	0	0	0	0	0	2	65	182	331	494	445	188	189	112	38	2	0	0	0	0	0	0	0	0	0	
0	0	0	0	0	0	0	0	0	3	30	208	195	212	243	350	411	341	51	4	0	0	0	0	0	0	0	0	0	0	
0	0	0	0	0	0	0	0	0	4	41	74	132	178	368	737	364	91	53	6	0	0	0	0	0	0	0	0	0	0	
0	0	0	0	0	0	0	0	0	0	0	0	0	0	662	1386	0	0	0	0	0	0	0	0	0	0	0	0	0	0	
0	0	0	0	0	0	0	0	0	1	63	157	155	181	265	478	459	232	57	0	0	0	0	0	0	0	0	0	0	0	
0	0	0	0	0	0	0	0	0	0	17	44	71	219	584	706	302	54	45	6	0	0	0	0	0	0	0	0	0	0	
0	0	0	0	0	0	0	0	0	14	57	69	79	144	598	607	264	136	58	18	4	0	0	0	0	0	0	0	0	0	
0	0	0	0	0	0	0	0	0	0	24	44	33	61	667	985	156	58	20	0	0	0	0	0	0	0	0	0	0	0	
0	0	0	0	0	0	0	0	0	14	51	83	99	185	437	547	419	150	54	9	0	0	0	0	0	0	0	0	0	0	
0	0	0	0	0	0	0	0	0	0	19	74	78	36	649	898	168	90	33	3	0	0	0	0	0	0	0	0	0	0	
0	0	0	0	0	0	0	0	0	0	0	2	93	369	530	642	269	88	34	15	6	0	0	0	0	0	0	0	0	0	
0	0	0	0	0	0	0	0	0	1	21	77	177	304	378	492	334	166	60	34	4	0	0	0	0	0	0	0	0	0	
0	0	0	0	0	0	0	0	0	3	31	78	126	195	478	554	408	105	54	11	5	0	0	0	0	0	0	0	0	0	
0	0	0	0	0	0	0	0	0	1	11	85	246	257	304	434	414	270	26	0	0	0	0	0	0	0	0	0	0	0	
0	0	0	0	0	0	0	0	5	12	45	96	121	105	498	784	98	113	121	50	0	0	0	0	0	0	0	0	0	0	
0	0	0	0	0	0	0	0	0	3	76	86	66	87	501	748	269	165	45	2	0	0	0	0	0	0	0	0	0	0	
0	0	0	0	0	0	0	0	0	0	0	4	78	155	631	998	59	46	45	19	13	0	0	0	0	0	0	0	0	0	
0	0	0	0	0	0	0	0	0	0	0	0	73	261	629	762	227	95	1	0	0	0	0	0	0	0	0	0	0	0	
0	0	0	0	0	0	0	0	0	1	72	104	132	191	342	567	390	200	46	3	0	0	0	0	0	0	0	0	0	0	
0	0	0	0	0	0	0	0	0	0	16	47	136	297	452	627	281	97	67	27	1	0	0	0	0	0	0	0	0	0	
0	0	0	0	0	0	0	0	0	0	109	225	175	150	188	273	443	424	60	1	0	0	0	0	0	0	0	0	0	0	
0	0	0	0	0	0	0	0	0	4	24	96	107	210	424	628	392	140	23	0	0	0	0	0	0	0	0	0	0	0	
0	0	0	0	0	0	0	0	0	0	0	34	117	265	592	642	246	72	33	25	19	3	0	0	0	0	0	0	0	0	
0	0	0	0	0	0	0	0	0	0	10	105	235	259	342	451	308	242	90	6	0	0	0	0	0	0	0	0	0	0	
0	0	0	0	0	0	0	0	1	15	44	76	59	136	618	608	291	158	38	4	0	0	0	0	0	0	0	0	0	0	
0	0	0	0	0	0	0	0	0	2	26	75	86	124	585	739	245	138	25	3	0	0	0	0	0	0	0	0	0	0	
0	0	0	0	0	0	0	0	0	0	16	101	174	271	485	529	153	101	122	93	3	0	0	0	0	0	0	0	0	0	
0	0	0	0	0	0	0	0	0	0	12	42	127	205	566	671	222	140	58	5	0	0	0	0	0	0	0	0	0	0	
0	0	0	0	0	0	0	0	0	2	34	70	136	278	394	535	380	169	44	6	0	0	0	0	0	0	0	0	0	0	
0	0	0	0	0	0	0	0	0	0	0	13	116	445	464	524	293	105	65	23	0	0	0	0	0	0	0	0	0	0	
0	0	0	0	0	0	0	0	0	5	66	107	70	256	468	395	420	207	52	2	0	0	0	0	0	0	0	0	0	0	
0	0	0	0	0	0	0	0	0	0	66	158	178	260	323	334	322	189	172	46	0	0	0	0	0	0	0	0	0	0	
0	0	0	0	0	0	0	0	0	0	0	0	0	0	901	1140	7	0	0	0	0	0	0	0	0	0	0	0	0	0	
0	0	0	0	0	0	0	0	0	0	0	0	0	0	756	1292	0	0	0	0	0	0	0	0	0	0	0	0	0	0	
0	0	0	0	0	0	0	0	0	0	0	0	6	19	170	1823	27	3	0	0	0	0	0	0	0	0	0	0	0	0	
0	0	0	0	0	0	0	0	0	10	15	46	228	286	487	368	233	279	79	12	5	0	0	0	0	0	0	0	0	0	
0	0	0	0	0	0	0	0	0	0	0	0	18	86	655	1189	92	7	1	0	0	0	0	0	0	0	0	0	0	0	
0	0	0	0	0	0	0	0	0	0	0	68	236	228	529	462	207	185	92	35	6	0	0	0	0	0	0	0	0	0	
0	0	0	0	0	0	0	0	0	0	11	113	287	236	287	368	367	282	80	17	0	0	0	0	0	0	0	0	0	0	
0	0	0	0	0	0	0	0	0	8	22	131	112	226	472	474	347	195	56	5	0	0	0	0	0	0	0	0	0	0	
0	0	0	0	0	0	0	0	0	0	1	9	85	456	465	520	324	126	52	9	1	0	0	0	0	0	0	0	0	0	
0	0	0	0	0	0	0	0	0	0	0	3	71	289	623	661	339	61	1	0	0	0	0	0	0	0	0	0	0	0	
0	0	0	0	0	0	0	0	0	0	5	66	211	218	462	541	294	193	51	7	0	0	0	0	0	0	0	0	0	0	
0	0	0	0	0	0	0	0	0	12	44	116	124	214	410	490	337	209	92	0	0	0	0	0	0	0	0	0	0	0	
0	0	0	0	0	0	0	0	0	0	1	49	189	225	515	491	356	217	5	0	0	0	0	0	0	0	0	0	0	0	
0	0	0	0	0	0	0	0	0	0	18	42	107	289	552	577	292	102	33	26	6	4	0	0	0	0	0	0	0	0	
0	0	0	0	0	0	0	0	1	13	92	136	228	200	218	301	405	304	143	7	0	0	0	0	0	0	0	0	0	0	
0	0	0	0	0	0	0	0	0	0	10	18	34	96	708	1020	99	44	5	11	3	0	0	0	0	0	0	0	0	0	
0	0	0	0	0	0	0	0	0	0	6	23	43	118	590	1057	129	49	31	2	0	0	0	0	0	0	0	0	0	0	
0	0	0	0	0	0	0	0	0	0	0	0	11	114	737	1054	115	14	3	0	0	0	0	0	0	0	0	0	0	0	
0	0	0	0	0	0	0	0	0	0	0	0	0	0	853	1195	0	0	0	0	0	0	0	0	0	0	0	0	0	0	
0	0	0	0	0	0	0	0	0	0	0	0	0	10	903	1117	18	0	0	0	0	0	0	0	0	0	0	0	0	0	
0	0	0	0	0	0	0	0	0	0	0	0	0	0	836	1212	0	0	0	0	0	0	0	0	0	0	0	0	0	0	
0	0	0	0	0	0	0	3	13	20	53	96	186	250	370	409	246	162	101	81	30	22	6	0	0	0	0	0	0	0	
0	0	0	0	0	0	0	0	0	13	65	137	252	326	285	270	238	212	157	65	21	7	0	0	0	0	0	0	0	0	
0	0	0	0	0	0	0	0	4	14	32	73	194	333	380	339	273	218	133	40	10	4	1	0	0	0	0	0	0	0	
0	0	0	0	0	0	0	0	1	5	28	58	185	296	420	436	319	201	69	25	4	1	0	0	0	0	0	0	0	0	
0	0	0	0	0	0	0	0	0	10	30	89	200	267	383	390	328	213	99	29	9	1	0	0	0	0	0	0	0	0	
0	0	0	0	0	0	0	0	1	7	48	117	216	295	319	387	287	207	103	47	13	1	0	0	0	0	0	0	0	0	
0	0	0	0	0	0	0	3	6	9	58	121	172	253	330	398	359	194	115	26	4	0	0	0	0	0	0	0	0	0	
0	0	0	0	0	0	0	0	1	19	40	138	190	240	322	359	319	246	125	40	9	0	0	0	0	0	0	0	0	0	
0	0	0	0	0	0	0	0	5	22	75	130	189	246	281	352	304	248	132	59	5	0	0	0	0	0	0	0	0	0	
0	0	0	0	0	0	0	0	0	2	12	75	180	350	449	368	298	182	102	24	6	0	0	0	0	0	0	0	0	0	
0	0	0	0	0	0	0	0	0	0	12	63	232	302	397	397	337	166	98	41	3	0	0	0	0	0	0	0	0	0	
0	0	0	0	0	0	0	0	0	0	6	58	202	387	401	414	289	159	95	32	5	0	0	0	0	0	0	0	0	0	
0	0	0	0	0	0	0	0	0	0	8	53	170	361	438	438	305	174	79	22	0	0	0	0	0	0	0	0	0	0	
0	0	0	0	0	0	0	0	0	2	18	73	216	285	368	431	364	183	74	29	5	0	0	0	0	0	0	0	0	0	
0	0	0	0	0	0	0	0	0	0	20	81	251	381	361	323	263	203	106	49	9	1	0	0	0	0	0	0	0	0	
0	0	0	0	0	0	0	0	0	0	23	90	258	316	358	346	217	232	140	57	11	0	0	0	0	0	0	0	0	0	
0	0	0	0	0	0	0	0	0	1	18	103	216	320	397	383	255	173	94	65	20	3	0	0	0	0	0	0	0	0	
0	0	0	0	0	0	0	0	0	0	0	93	206	348	501	436	173	87	86	72	43	3	0	0	0	0	0	0	0	0	
0	0	0	0	0	0	0	0	0	0	12	88	155	270	542	463	229	109	72	77	29	2	0	0	0	0	0	0	0	0	
0	0	0	0	0	0	0	0	0	0	30	120	147	176	419	598	349	119	64	20	6	0	0	0	0	0	0	0	0	0	
0	0	0	0	0	0	0	0	0	0	27	114	156	260	400	442	363	194	86	6	0	0	0	0	0	0	0	0	0	0	
0	0	0	0	0	0	0	0	0	0	6	105	211	303	314	447	392	144	97	29	0	0	0	0	0	0	0	0	0	0	
0	0	0	0	0	0	0	0	0	0	6	104	225	349	351	398	288	161	122	44	0	0	0	0	0	0	0	0	0	0	
0	0	0	0	0	0	0	3	7	8	25	88	277	300	289	325	287	244	140	34	12	7	2	0	0	0	0	0	0	0	
0	0	0	0	0	0	0	0	0	1	13	75	222	293	447	369	295	183	120	24	6	0	0	0	0	0	0	0	0	0	
0	0	0	0	0	0	0	0	2	7	9	47	119	340	556	414	302	172	60	16	4	0	0	0	0	0	0	0	0	0	
0	0	0	0	0	0	0	0	0	0	2	34	151	287	529	555	261	148	71	10	0	0	0	0	0	0	0	0	0	0	
0	0	0	0	0	0	0	0	0	0	3	23	52	166	709	821	191	62	20	1	0	0	0	0	0	0	0	0	0	0	
0	0	0	0	0	0	0	0	0	0	1	46	111	242	604	616	256	135	37	0	0	0	0	0	0	0	0	0	0	0	
0	0	0	0	0	0	0	0	0	0	0	33	104	131	607	901	130	94	48	0	0	0	0	0	0	0	0	0	0	0	
0	0	0	0	0	0	0	0	0	0	5	104	195	344	405	345	283	208	126	31	2	0	0	0	0	0	0	0	0	0	
0	0	0	0	0	0	0	0	0	0	0	8	35	125	757	915	161	38	9	0	0	0	0	0	0	0	0	0	0	0	
0	0	0	0	0	0	0	0	0	2	21	81	108	147	571	769	127	111	61	39	11	0	0	0	0	0	0	0	0	0	
0	0	0	0	0	0	0	0	0	0	8	112	197	243	485	476	148	198	155	26	0	0	0	0	0	0	0	0	0	0	
0	0	0	0	0	0	0	0	0	0	7	63	240	363	368	421	241	179	137	21	7	1	0	0	0	0	0	0	0	0	
0	0	0	0	0	0	0	0	0	0	1	30	91	345	626	411	319	178	47	0	0	0	0	0	0	0	0	0	0	0	
0	0	0	0	0	0	0	0	0	0	0	8	79	362	585	548	324	134	8	0	0	0	0	0	0	0	0	0	0	0	
0	0	0	0	0	0	0	0	0	0	0	5	61	224	658	796	242	57	5	0	0	0	0	0	0	0	0	0	0	0	
0	0	0	0	0	0	0	0	0	1	54	77	91	250	443	581	334	144	68	5	0	0	0	0	0	0	0	0	0	0	
0	0	0	0	0	0	0	0	0	0	0	0	1	53	897	1018	71	8	0	0	0	0	0	0	0	0	0	0	0	0	
0	0	0	0	0	0	0	0	0	0	0	31	227	478	378	307	272	173	168	14	0	0	0	0	0	0	0	0	0	0	
0	0	0	0	0	0	0	0	0	0	1	33	81	207	693	765	115	48	55	38	8	4	0	0	0	0	0	0	0	0	
0	0	0	0	0	0	0	0	0	0	1	82	414	332	285	245	217	217	130	124	1	0	0	0	0	0	0	0	0	0	
0	0	0	0	0	0	0	0	0	0	1	89	357	247	352	428	153	139	171	111	0	0	0	0	0	0	0	0	0	0	
0	0	0	0	0	0	0	0	1	0	6	50	125	169	578	763	141	146	55	14	0	0	0	0	0	0	0	0	0	0	
0	0	0	0	0	0	0	0	0	0	0	0	15	149	803	897	162	22	0	0	0	0	0	0	0	0	0	0	0	0	
0	0	0	0	0	0	0	0	0	1	18	137	275	242	338	398	200	202	204	32	1	0	0	0	0	0	0	0	0	0	
0	0	0	0	0	0	0	0	0	3	21	80	151	368	496	305	227	202	143	50	2	0	0	0	0	0	0	0	0	0	
0	0	0	0	0	0	0	0	0	0	0	182	434	284	202	194	169	192	322	69	0	0	0	0	0	0	0	0	0	0	
0	0	0	0	0	0	0	0	0	0	16	217	213	228	285	366	301	191	194	37	0	0	0	0	0	0	0	0	0	0	
0	0	0	0	0	0	0	0	0	0	1	58	144	302	545	475	304	139	46	32	2	0	0	0	0	0	0	0	0	0	
0	0	0	0	0	0	0	0	0	0	0	41	176	297	528	524	204	171	87	20	0	0	0	0	0	0	0	0	0	0	
0	0	0	0	0	0	0	0	0	0	12	56	181	406	453	346	262	173	81	64	14	0	0	0	0	0	0	0	0	0	
0	0	0	0	0	0	0	0	0	0	36	65	126	316	376	504	441	104	69	11	0	0	0	0	0	0	0	0	0	0	
0	0	0	0	0	0	0	0	0	0	0	25	109	273	609	613	282	75	52	10	0	0	0	0	0	0	0	0	0	0	
0	0	0	0	0	0	0	0	0	0	0	0	3	196	634	985	230	0	0	0	0	0	0	0	0	0	0	0	0	0	
0	0	0	0	0	0	0	0	0	2	50	43	150	376	360	450	311	183	112	11	0	0	0	0	0	0	0	0	0	0	
0	0	0	0	0	0	0	0	0	0	30	134	232	266	252	322	465	288	59	0	0	0	0	0	0	0	0	0	0	0	
0	0	0	0	0	0	0	0	0	0	5	22	84	400	605	479	222	98	95	33	5	0	0	0	0	0	0	0	0	0	
0	0	0	0	0	0	0	0	0	0	1	37	154	307	463	592	318	116	55	5	0	0	0	0	0	0	0	0	0	0	
0	0	0	0	0	0	0	0	0	0	5	48	146	278	580	485	290	132	48	25	11	0	0	0	0	0	0	0	0	0	
0	0	0	0	0	0	0	0	0	0	0	1	56	294	643	670	310	54	20	0	0	0	0	0	0	0	0	0	0	0	
0	0	0	0	0	0	0	0	0	0	0	12	204	445	504	365	195	131	144	47	1	0	0	0	0	0	0	0	0	0	
0	0	0	0	0	0	0	0	0	0	0	7	54	214	753	710	222	50	38	0	0	0	0	0	0	0	0	0	0	0	
0	0	0	0	0	0	0	0	0	0	48	95	264	243	283	343	398	337	37	0	0	0	0	0	0	0	0	0	0	0	
0	0	0	0	0	0	0	0	0	0	17	104	199	321	356	295	404	288	62	2	0	0	0	0	0	0	0	0	0	0	
0	0	0	0	0	0	0	0	0	0	1	35	144	347	534	487	301	98	73	24	4	0	0	0	0	0	0	0	0	0	
0	0	0	0	0	0	0	0	0	0	22	116	208	194	409	431	412	146	97	13	0	0	0	0	0	0	0	0	0	0	
0	0	0	0	0	0	0	0	0	0	15	139	189	208	361	468	384	221	58	5	0	0	0	0	0	0	0	0	0	0	
0	0	0	0	0	0	0	0	0	12	48	57	51	83	617	806	223	125	26	0	0	0	0	0	0	0	0	0	0	0	
0	0	0	0	0	0	0	0	0	9	35	50	44	188	579	741	250	108	36	6	2	0	0	0	0	0	0	0	0	0	
0	0	0	0	0	0	0	0	0	0	12	22	90	195	640	783	168	76	41	21	0	0	0	0	0	0	0	0	0	0	
0	0	0	0	0	0	0	0	0	0	0	32	90	232	611	676	285	100	22	0	0	0	0	0	0	0	0	0	0	0	
0	0	0	0	0	0	0	0	0	0	0	5	84	284	622	752	130	89	49	18	13	2	0	0	0	0	0	0	0	0	
0	0	0	0	0	0	0	0	0	0	50	112	217	192	251	453	506	236	31	0	0	0	0	0	0	0	0	0	0	0	
0	0	0	0	0	0	0	1	1	16	41	99	193	250	350	363	392	239	80	23	0	0	0	0	0	0	0	0	0	0	
0	0	0	0	0	0	0	0	0	0	0	2	13	66	693	1173	72	18	4	4	3	0	0	0	0	0	0	0	0	0	
0	0	0	0	0	0	0	0	0	0	4	165	229	428	373	213	156	170	193	110	7	0	0	0	0	0	0	0	0	0	
0	0	0	0	0	0	0	0	0	0	0	91	341	350	353	215	179	253	221	45	0	0	0	0	0	0	0	0	0	0	
0	0	0	0	0	0	0	0	0	0	0	65	206	322	396	480	288	221	68	2	0	0	0	0	0	0	0	0	0	0	
0	0	0	0	0	0	0	0	0	0	0	15	139	331	530	598	252	101	36	31	15	0	0	0	0	0	0	0	0	0	
0	0	0	0	0	0	0	0	0	0	0	72	289	233	391	508	183	185	187	0	0	0	0	0	0	0	0	0	0	0	
0	0	0	0	0	0	0	0	0	0	3	27	92	181	648	791	130	116	44	16	0	0	0	0	0	0	0	0	0	0	
0	0	0	0	0	0	0	0	0	0	0	0	0	31	874	1056	79	8	0	0	0	0	0	0	0	0	0	0	0	0	
0	0	0	0	0	0	0	0	0	0	0	5	70	226	792	690	121	79	65	0	0	0	0	0	0	0	0	0	0	0	
0	0	0	0	0	0	0	0	0	0	0	46	283	291	398	420	302	132	121	54	1	0	0	0	0	0	0	0	0	0	
0	0	0	0	0	0	0	0	0	0	22	63	57	80	701	868	109	93	48	7	0	0	0	0	0	0	0	0	0	0	
0	0	0	0	0	0	0	0	0	0	1	48	90	320	520	603	293	107	35	23	8	0	0	0	0	0	0	0	0	0	
0	0	0	0	0	0	0	0	0	0	4	42	164	407	394	434	343	207	36	17	0	0	0	0	0	0	0	0	0	0	
0	0	0	0	0	0	0	0	0	0	0	16	86	208	650	810	135	83	51	9	0	0	0	0	0	0	0	0	0	0	
0	0	0	0	0	0	0	0	0	3	40	69	107	307	430	557	288	154	81	12	0	0	0	0	0	0	0	0	0	0	
0	0	0	0	0	0	0	0	0	0	0	0	1	80	537	1327	82	21	0	0	0	0	0	0	0	0	0	0	0	0	
0	0	0	0	0	0	0	0	0	2	19	66	88	188	638	645	201	101	77	21	2	0	0	0	0	0	0	0	0	0	
0	0	0	0	0	0	0	0	0	3	34	71	91	165	582	734	160	88	77	41	2	0	0	0	0	0	0	0	0	0	
0	0	0	0	0	0	0	0	1	2	9	34	55	212	674	693	249	54	36	29	0	0	0	0	0	0	0	0	0	0	
0	0	0	0	0	0	0	0	0	5	49	222	205	256	247	290	259	312	150	52	1	0	0	0	0	0	0	0	0	0	
0	0	0	0	0	0	0	0	0	0	0	10	153	388	603	398	209	142	108	36	1	0	0	0	0	0	0	0	0	0	
0	0	0	0	0	0	0	0	0	0	1	51	174	156	501	786	151	109	108	11	0	0	0	0	0	0	0	0	0	0	
0	0	0	0	0	0	0	0	0	0	0	0	0	0	833	1215	0	0	0	0	0	0	0	0	0	0	0	0	0	0	
0	0	0	0	0	0	0	0	0	0	0	0	0	0	825	1223	0	0	0	0	0	0	0	0	0	0	0	0	0	0	
0	0	0	0	0	0	0	0	0	1	25	42	54	82	514	1098	127	50	44	10	1	0	0	0	0	0	0	0	0	0	
0	0	0	0	0	0	0	0	0	0	24	63	153	266	490	539	271	121	85	30	6	0	0	0	0	0	0	0	0	0	
0	0	0	0	0	0	0	0	0	0	8	52	129	295	577	434	312	165	67	9	0	0	0	0	0	0	0	0	0	0	
0	0	0	0	0	0	0	0	0	0	0	9	56	231	679	749	241	61	20	2	0	0	0	0	0	0	0	0	0	0	
0	0	0	0	0	0	0	0	0	0	12	69	142	348	533	341	318	168	78	30	9	0	0	0	0	0	0	0	0	0	
0	0	0	0	0	0	0	0	0	0	0	2	1	30	602	1380	31	0	2	0	0	0	0	0	0	0	0	0	0	0	
0	0	0	0	0	0	0	0	0	0	1	33	176	365	463	515	240	120	92	37	6	0	0	0	0	0	0	0	0	0	
0	0	0	0	0	0	0	0	0	0	15	115	169	155	433	684	229	130	85	31	2	0	0	0	0	0	0	0	0	0	
0	0	0	0	0	0	0	0	0	0	0	17	46	183	791	776	142	43	28	22	0	0	0	0	0	0	0	0	0	0	
0	0	0	0	0	0	0	0	0	0	39	61	100	172	534	737	248	78	51	25	3	0	0	0	0	0	0	0	0	0	
0	0	0	0	0	0	0	0	0	1	13	49	104	143	582	816	173	101	54	12	0	0	0	0	0	0	0	0	0	0	
0	0	0	0	0	0	0	0	0	0	30	71	127	187	567	639	196	114	94	23	0	0	0	0	0	0	0	0	0	0	
0	0	0	0	0	0	0	0	0	0	0	5	50	161	671	938	161	31	19	9	3	0	0	0	0	0	0	0	0	0	
0	0	0	0	0	0	0	0	0	0	0	6	37	118	677	1038	77	72	21	2	0	0	0	0	0	0	0	0	0	0	
0	0	0	0	0	0	0	0	0	0	0	10	94	312	660	649	154	58	44	58	9	0	0	0	0	0	0	0	0	0	
0	0	0	0	0	0	0	0	0	0	0	28	50	392	519	525	455	47	31	1	0	0	0	0	0	0	0	0	0	0	
0	0	0	0	0	0	0	0	1	11	22	56	121	234	566	606	164	119	98	35	14	1	0	0	0	0	0	0	0	0	
0	0	0	0	0	0	0	0	0	0	0	4	22	81	650	1193	54	42	2	0	0	0	0	0	0	0	0	0	0	0	
0	0	0	0	0	0	0	0	0	0	1	33	153	259	622	631	99	103	109	38	0	0	0	0	0	0	0	0	0	0	
0	0	0	0	0	0	0	0	0	0	5	47	261	534	325	213	210	181	230	38	4	0	0	0	0	0	0	0	0	0	
0	0	0	0	0	0	0	0	0	0	4	67	147	273	509	533	277	131	93	14	0	0	0	0	0	0	0	0	0	0	
0	0	0	0	0	0	0	0	0	0	0	4	31	244	732	737	253	45	2	0	0	0	0	0	0	0	0	0	0	0	
0	0	0	0	0	0	0	0	0	0	3	46	241	323	439	452	185	208	115	28	8	0	0	0	0	0	0	0	0	0	
0	0	0	0	0	0	0	0	0	0	1	5	104	291	682	586	205	86	68	20	0	0	0	0	0	0	0	0	0	0	
0	0	0	0	0	0	0	0	0	0	0	12	122	262	608	698	191	81	35	29	10	0	0	0	0	0	0	0	0	0	
0	0	0	0	0	0	0	0	0	0	0	13	124	456	417	480	396	85	55	22	0	0	0	0	0	0	0	0	0	0	
0	0	0	0	0	0	0	0	0	0	0	27	138	269	515	578	415	103	3	0	0	0	0	0	0	0	0	0	0	0	
0	0	0	0	0	0	0	0	4	17	44	56	108	266	509	524	269	120	55	54	20	2	0	0	0	0	0	0	0	0	
0	0	0	0	0	0	0	0	0	0	2	11	64	76	777	943	87	70	17	1	0	0	0	0	0	0	0	0	0	0	
0	0	0	0	0	0	0	0	0	0	0	0	0	7	913	1116	12	0	0	0	0	0	0	0	0	0	0	0	0	0	
0	0	0	0	0	0	0	0	0	0	0	0	1	21	675	1326	24	1	0	0	0	0	0	0	0	0	0	0	0	0	
0	0	0	0	0	0	0	0	0	0	1	17	38	165	750	821	183	44	8	7	6	7	1	0	0	0	0	0	0	0	
0	0	0	0	0	0	0	0	0	0	5	17	60	232	698	710	202	55	44	22	3	0	0	0	0	0	0	0	0	0	
0	0	0	0	0	0	0	0	0	18	67	54	70	236	623	511	242	99	115	13	0	0	0	0	0	0	0	0	0	0	
0	0	0	0	0	0	0	0	0	0	11	131	172	367	407	296	211	258	168	22	5	0	0	0	0	0	0	0	0	0	
0	0	0	0	0	0	0	0	0	0	0	0	103	301	582	659	218	182	3	0	0	0	0	0	0	0	0	0	0	0	
0	0	0	0	0	0	0	0	0	0	1	9	48	180	746	804	196	30	15	14	5	0	0	0	0	0	0	0	0	0	
0	0	0	0	0	0	0	0	0	0	0	86	333	432	280	236	189	211	211	67	3	0	0	0	0	0	0	0	0	0	
0	0	0	0	0	0	0	0	0	2	3	32	156	442	429	410	298	164	102	10	0	0	0	0	0	0	0	0	0	0	
0	0	0	0	0	0	0	0	0	0	0	0	0	87	575	1276	94	16	0	0	0	0	0	0	0	0	0	0	0	0	
0	0	0	0	0	0	0	0	0	0	0	4	29	93	312	1487	61	35	21	6	0	0	0	0	0	0	0	0	0	0	
0	0	0	0	0	0	0	0	0	0	0	0	6	217	655	975	151	40	4	0	0	0	0	0	0	0	0	0	0	0	
0	0	0	0	0	0	0	0	4	14	29	76	160	156	397	623	371	177	39	2	0	0	0	0	0	0	0	0	0	0	
0	0	0	0	0	0	0	0	0	0	8	62	83	106	635	860	125	106	56	7	0	0	0	0	0	0	0	0	0	0	
0	0	0	0	0	0	0	0	0	0	14	76	103	236	522	586	340	145	25	1	0	0	0	0	0	0	0	0	0	0	
0	0	0	0	0	0	0	0	0	0	0	0	0	8	478	1548	14	0	0	0	0	0	0	0	0	0	0	0	0	0	
0	0	0	0	0	0	0	0	0	0	0	1	2	31	763	1215	30	6	0	0	0	0	0	0	0	0	0	0	0	0	
0	0	0	0	0	0	0	0	0	0	0	0	0	11	841	1178	18	0	0	0	0	0	0	0	0	0	0	0	0	0	
0	0	0	0	0	0	0	0	0	0	0	0	6	91	636	1213	94	8	0	0	0	0	0	0	0	0	0	0	0	0	
0	0	0	0	0	0	0	0	3	12	39	55	83	355	419	515	381	72	59	36	18	1	0	0	0	0	0	0	0	0	
0	0	0	0	0	0	0	0	0	0	11	69	295	406	298	308	271	169	152	50	18	1	0	0	0	0	0	0	0	0	
0	0	0	0	0	0	0	0	0	0	0	41	195	367	480	350	294	243	59	17	2	0	0	0	0	0	0	0	0	0	
0	0	0	0	0	0	0	0	0	0	1	36	67	217	716	683	157	87	67	12	4	1	0	0	0	0	0	0	0	0	
0	0	0	0	0	0	0	0	0	0	0	17	114	99	571	1018	101	82	46	0	0	0	0	0	0	0	0	0	0	0	
0	0	0	0	0	0	0	0	0	0	0	110	187	367	405	312	314	161	151	41	0	0	0	0	0	0	0	0	0	0	
0	0	0	0	0	0	0	0	0	0	10	45	140	412	445	465	234	174	80	34	9	0	0	0	0	0	0	0	0	0	
0	0	0	0	0	0	0	0	0	0	0	127	347	223	350	389	203	156	174	79	0	0	0	0	0	0	0	0	0	0	
0	0	0	0	0	0	0	0	0	0	0	40	82	103	718	915	70	58	29	23	10	0	0	0	0	0	0	0	0	0	
0	0	0	0	0	0	0	0	0	0	0	3	68	277	627	751	229	44	40	8	1	0	0	0	0	0	0	0	0	0	
0	0	0	0	0	0	0	0	0	0	16	68	180	279	394	586	253	171	71	26	4	0	0	0	0	0	0	0	0	0	
0	0	0	0	0	0	0	0	0	0	0	3	191	315	461	488	399	191	0	0	0	0	0	0	0	0	0	0	0	0	
0	0	0	0	0	0	0	0	0	0	11	78	84	212	604	664	206	81	92	15	1	0	0	0	0	0	0	0	0	0	
0	0	0	0	0	0	0	0	0	0	10	47	112	168	621	775	119	81	77	38	0	0	0	0	0	0	0	0	0	0	
0	0	0	0	0	0	0	0	0	0	3	89	83	137	474	899	208	102	48	5	0	0	0	0	0	0	0	0	0	0	
0	0	0	0	0	0	0	0	0	0	0	19	115	367	591	535	171	150	53	34	11	2	0	0	0	0	0	0	0	0	
0	0	0	0	0	0	0	0	0	0	18	48	70	142	620	783	303	61	3	0	0	0	0	0	0	0	0	0	0	0	
0	0	0	0	0	0	0	0	0	0	51	54	71	195	600	682	221	72	45	46	11	0	0	0	0	0	0	0	0	0	
0	0	0	0	0	0	0	0	0	0	19	85	197	358	484	286	206	163	171	77	2	0	0	0	0	0	0	0	0	0	
0	0	0	0	0	0	0	0	0	0	4	58	115	172	569	707	282	141	0	0	0	0	0	0	0	0	0	0	0	0	
0	0	0	0	0	0	0	0	0	0	17	38	104	209	534	727	276	98	35	10	0	0	0	0	0	0	0	0	0	0	
0	0	0	0	0	0	0	0	0	3	30	37	58	98	512	1080	95	49	45	28	13	0	0	0	0	0	0	0	0	0	
0	0	0	0	0	0	0	0	0	2	11	28	40	458	457	520	417	56	40	16	3	0	0	0	0	0	0	0	0	0	
0	0	0	0	0	0	0	0	0	5	28	105	197	316	341	388	339	195	106	21	7	0	0	0	0	0	0	0	0	0	
0	0	0	0	0	0	0	0	0	0	0	29	142	360	372	533	519	67	26	0	0	0	0	0	0	0	0	0	0	0	
0	0	0	0	0	0	0	0	3	16	93	240	248	210	176	194	261	248	270	89	0	0	0	0	0	0	0	0	0	0	
0	0	0	0	0	0	0	0	1	5	12	68	108	122	635	778	112	106	74	21	6	0	0	0	0	0	0	0	0	0	
0	0	0	0	0	0	0	0	0	1	7	18	77	355	529	581	380	71	17	5	5	2	0	0	0	0	0	0	0	0	
0	0	0	0	0	0	0	0	0	0	3	20	112	330	585	564	231	141	43	14	5	0	0	0	0	0	0	0	0	0	
0	0	0	0	0	0	0	0	0	0	0	0	20	119	640	1110	134	25	0	0	0	0	0	0	0	0	0	0	0	0	
0	0	0	0	0	0	0	0	0	1	21	43	67	262	663	620	195	65	64	41	6	0	0	0	0	0	0	0	0	0	
0	0	0	0	0	0	0	0	0	0	0	0	70	503	601	397	176	137	142	22	0	0	0	0	0	0	0	0	0	0	
0	0	0	0	0	0	0	0	0	0	1	89	219	238	387	476	420	192	24	2	0	0	0	0	0	0	0	0	0	0	
0	0	0	0	0	0	0	0	0	0	109	193	217	179	154	256	440	373	127	0	0	0	0	0	0	0	0	0	0	0	
0	0	0	0	0	0	0	0	0	1	133	227	144	143	135	262	573	303	126	1	0	0	0	0	0	0	0	0	0	0	
0	0	0	0	0	0	0	0	0	0	76	134	276	213	182	322	437	268	132	8	0	0	0	0	0	0	0	0	0	0	
0	0	0	0	0	0	0	0	0	12	23	21	60	116	684	849	130	92	50	11	0	0	0	0	0	0	0	0	0	0	
0	0	0	0	0	0	0	0	0	0	2	41	185	400	396	364	391	243	26	0	0	0	0	0	0	0	0	0	0	0	
0	0	0	0	0	0	0	0	0	0	34	136	173	273	420	355	280	184	114	65	13	1	0	0	0	0	0	0	0	0	
0	0	0	0	0	0	0	0	0	0	0	32	203	501	332	383	266	173	131	27	0	0	0	0	0	0	0	0	0	0	
0	0	0	0	0	0	0	0	0	7	55	86	95	198	441	589	374	151	48	4	0	0	0	0	0	0	0	0	0	0	
0	0	0	0	0	0	0	0	0	0	7	104	172	252	355	648	281	138	72	19	0	0	0	0	0	0	0	0	0	0	
0	0	0	0	0	0	0	0	0	0	22	89	169	472	371	265	225	197	201	37	0	0	0	0	0	0	0	0	0	0	
0	0	0	0	0	0	0	0	0	0	0	0	0	4	790	1244	10	0	0	0	0	0	0	0	0	0	0	0	0	0	
0	0	0	0	0	0	0	0	0	0	0	0	0	1	890	1156	1	0	0	0	0	0	0	0	0	0	0	0	0	0	
0	0	0	0	0	0	0	0	0	0	0	0	0	0	526	1522	0	0	0	0	0	0	0	0	0	0	0	0	0	0	
0	0	0	0	0	0	0	0	0	0	3	30	110	347	516	480	424	105	17	14	2	0	0	0	0	0	0	0	0	0	
0	0	0	0	0	0	0	0	0	3	12	24	91	379	544	549	228	101	72	34	11	0	0	0	0	0	0	0	0	0	
0	0	0	0	0	0	0	0	0	0	9	11	15	68	772	1063	72	25	7	6	0	0	0	0	0	0	0	0	0	0	
0	0	0	0	0	0	0	0	0	0	5	25	62	329	640	654	156	82	58	32	5	0	0	0	0	0	0	0	0	0	
0	0	0	0	0	0	0	0	0	0	0	45	95	251	479	758	330	80	10	0	0	0	0	0	0	0	0	0	0	0	
0	0	0	0	0	0	0	0	0	0	70	182	205	199	266	317	375	269	139	26	0	0	0	0	0	0	0	0	0	0	
0	0	0	0	0	0	0	0	0	0	40	127	197	255	343	389	352	245	99	1	0	0	0	0	0	0	0	0	0	0	
0	0	0	0	0	0	0	0	0	0	0	34	52	88	707	954	121	92	0	0	0	0	0	0	0	0	0	0	0	0	
0	0	0	0	0	0	0	0	0	1	134	211	249	201	194	277	183	184	279	129	6	0	0	0	0	0	0	0	0	0	
0	0	0	0	0	0	0	0	0	0	7	104	257	262	265	321	657	127	40	8	0	0	0	0	0	0	0	0	0	0	
0	0	0	0	0	0	0	0	0	0	0	2	25	152	678	981	172	38	0	0	0	0	0	0	0	0	0	0	0	0	
0	0	0	0	0	0	0	0	0	0	1	18	74	243	686	760	125	56	40	28	17	0	0	0	0	0	0	0	0	0	
0	0	0	0	0	0	0	0	0	0	0	0	37	312	622	775	238	50	14	0	0	0	0	0	0	0	0	0	0	0	
0	0	0	0	0	0	0	0	0	0	15	72	109	311	530	480	269	141	77	44	0	0	0	0	0	0	0	0	0	0	
0	0	0	0	0	0	0	0	0	0	7	55	193	210	562	601	148	139	99	34	0	0	0	0	0	0	0	0	0	0	
0	0	0	0	0	0	0	0	0	0	0	0	31	245	713	727	287	44	1	0	0	0	0	0	0	0	0	0	0	0	
0	0	0	0	0	0	0	0	0	1	34	95	268	282	332	344	271	279	85	48	9	0	0	0	0	0	0	0	0	0	
0	0	0	0	0	0	0	0	0	0	5	129	265	378	313	189	297	365	65	25	16	1	0	0	0	0	0	0	0	0	
0	0	0	0	0	0	0	0	0	0	48	173	269	282	241	212	267	292	243	21	0	0	0	0	0	0	0	0	0	0	
0	0	0	0	0	0	0	0	0	0	4	48	68	80	482	1126	166	58	15	1	0	0	0	0	0	0	0	0	0	0	
0	0	0	0	0	0	0	0	0	0	21	145	188	237	382	425	308	169	151	22	0	0	0	0	0	0	0	0	0	0	
0	0	0	0	0	0	0	0	0	1	26	189	196	187	191	416	583	250	9	0	0	0	0	0	0	0	0	0	0	0	
0	0	0	0	0	0	0	0	0	2	54	102	127	244	378	519	376	147	92	7	0	0	0	0	0	0	0	0	0	0	
0	0	0	0	0	0	0	0	0	1	18	61	279	344	350	273	304	313	102	3	0	0	0	0	0	0	0	0	0	0	
0	0	0	0	0	0	0	0	1	10	41	98	117	284	452	446	313	144	96	34	12	0	0	0	0	0	0	0	0	0	
0	0	0	0	0	0	0	0	0	0	22	274	291	229	221	200	220	249	284	57	1	0	0	0	0	0	0	0	0	0	
0	0	0	0	0	0	0	0	0	0	0	45	328	449	361	186	206	171	254	48	0	0	0	0	0	0	0	0	0	0	
0	0	0	0	0	0	0	0	0	0	0	58	123	308	493	531	367	136	31	1	0	0	0	0	0	0	0	0	0	0	
0	0	0	0	0	0	0	0	0	0	0	16	125	390	435	566	365	90	49	10	2	0	0	0	0	0	0	0	0	0	
0	0	0	0	0	0	0	0	0	0	0	0	4	162	829	845	202	6	0	0	0	0	0	0	0	0	0	0	0	0	
0	0	0	0	0	0	0	0	0	0	16	12	82	209	409	1044	115	67	54	36	4	0	0	0	0	0	0	0	0	0	
0	0	0	0	0	0	0	0	0	0	0	35	107	407	536	419	323	121	92	8	0	0	0	0	0	0	0	0	0	0	
0	0	0	0	0	0	0	0	0	0	0	0	0	20	725	1278	25	0	0	0	0	0	0	0	0	0	0	0	0	0	
0	0	0	0	0	0	0	0	0	0	0	0	0	0	879	1169	0	0	0	0	0	0	0	0	0	0	0	0	0	0	
0	0	0	0	0	0	0	0	0	0	0	0	0	0	760	1288	0	0	0	0	0	0	0	0	0	0	0	0	0	0	
0	0	0	0	0	0	0	0	0	0	0	26	48	74	408	1289	137	62	4	0	0	0	0	0	0	0	0	0	0	0	
0	0	0	0	0	0	0	0	0	0	86	128	119	114	352	589	386	217	55	2	0	0	0	0	0	0	0	0	0	0	
0	0	0	0	0	0	0	0	0	10	39	74	61	81	538	874	212	106	37	16	0	0	0	0	0	0	0	0	0	0	
0	0	0	0	0	0	0	0	0	2	50	52	63	65	547	938	197	111	21	2	0	0	0	0	0	0	0	0	0	0	
0	0	0	0	0	0	0	0	0	1	15	33	227	315	292	524	422	158	55	6	0	0	0	0	0	0	0	0	0	0	
0	0	0	0	0	0	0	0	0	0	9	125	203	304	329	380	365	252	63	18	0	0	0	0	0	0	0	0	0	0	
0	0	0	0	0	0	0	0	0	0	0	96	123	106	659	806	66	47	48	62	34	1	0	0	0	0	0	0	0	0	
0	0	0	0	0	0	0	0	0	0	0	25	151	165	647	690	205	125	29	11	0	0	0	0	0	0	0	0	0	0	
0	0	0	0	0	0	0	0	0	0	126	168	130	140	302	421	328	265	156	12	0	0	0	0	0	0	0	0	0	0	
0	0	0	0	0	0	0	0	0	0	14	126	249	310	348	254	382	212	116	34	3	0	0	0	0	0	0	0	0	0	
0	0	0	0	0	0	0	0	0	0	14	27	96	241	586	663	273	91	51	6	0	0	0	0	0	0	0	0	0	0	
0	0	0	0	0	0	0	0	0	0	28	63	126	257	533	535	290	119	80	17	0	0	0	0	0	0	0	0	0	0	
0	0	0	0	0	0	0	0	0	0	8	138	167	225	484	485	246	122	120	52	1	0	0	0	0	0	0	0	0	0	
0	0	0	0	0	0	0	0	0	3	9	37	94	286	596	531	306	107	56	23	0	0	0	0	0	0	0	0	0	0	
0	0	0	0	0	0	0	0	0	0	0	98	262	381	435	206	192	224	228	22	0	0	0	0	0	0	0	0	0	0	
0	0	0	0	0	0	0	0	0	0	0	64	116	156	563	785	176	115	61	12	0	0	0	0	0	0	0	0	0	0	
0	0	0	0	0	0	0	0	0	0	53	85	86	122	449	807	222	164	60	0	0	0	0	0	0	0	0	0	0	0	
0	0	0	0	0	0	0	0	0	0	11	29	67	159	638	891	143	49	29	25	7	0	0	0	0	0	0	0	0	0	
0	0	0	0	0	0	0	0	0	0	5	46	81	130	734	723	189	93	45	2	0	0	0	0	0	0	0	0	0	0	
0	0	0	0	0	0	0	0	0	0	0	0	0	10	641	1388	9	0	0	0	0	0	0	0	0	0	0	0	0	0	
0	0	0	0	0	0	0	0	0	0	12	174	282	300	307	244	197	247	260	25	0	0	0	0	0	0	0	0	0	0	
0	0	0	0	0	0	0	0	0	0	0	24	263	262	424	508	301	168	79	19	0	0	0	0	0	0	0	0	0	0	
0	0	0	0	0	0	0	0	0	0	49	110	120	194	402	583	387	153	49	1	0	0	0	0	0	0	0	0	0	0	
0	0	0	0	0	0	0	0	0	0	14	70	300	419	351	275	160	149	178	118	14	0	0	0	0	0	0	0	0	0	
0	0	0	0	0	0	0	0	0	0	33	121	129	201	457	544	290	205	68	0	0	0	0	0	0	0	0	0	0	0	
0	0	0	0	0	0	0	0	0	2	151	201	171	173	186	259	351	395	147	7	5	0	0	0	0	0	0	0	0	0	
0	0	0	0	0	0	0	0	0	0	5	28	164	228	590	614	179	147	87	6	0	0	0	0	0	0	0	0	0	0	
0	0	0	0	0	0	0	0	0	0	2	25	145	383	496	483	268	156	79	11	0	0	0	0	0	0	0	0	0	0	
0	0	0	0	0	0	0	0	0	0	0	0	15	89	696	1111	121	16	0	0	0	0	0	0	0	0	0	0	0	0	
0	0	0	0	0	0	0	0	0	0	29	140	203	200	443	482	155	224	113	59	0	0	0	0	0	0	0	0	0	0	
0	0	0	0	0	0	0	0	0	0	1	11	89	281	565	686	330	74	11	0	0	0	0	0	0	0	0	0	0	0	
0	0	0	0	0	0	0	0	0	0	0	111	207	208	414	495	375	154	47	32	5	0	0	0	0	0	0	0	0	0	
0	0	0	0	0	0	0	0	0	0	19	127	98	110	466	719	275	222	12	0	0	0	0	0	0	0	0	0	0	0	
0	0	0	0	0	0	0	0	0	0	39	128	100	133	540	555	301	186	63	3	0	0	0	0	0	0	0	0	0	0	
0	0	0	0	0	0	0	0	0	0	69	129	114	125	394	584	351	278	4	0	0	0	0	0	0	0	0	0	0	0	
0	0	0	0	0	0	0	0	0	0	0	0	0	0	850	1198	0	0	0	0	0	0	0	0	0	0	0	0	0	0	
0	0	0	0	0	0	0	0	0	0	0	0	0	1	909	1128	10	0	0	0	0	0	0	0	0	0	0	0	0	0	
0	0	0	0	0	0	0	0	0	0	0	42	56	66	592	1105	77	103	7	0	0	0	0	0	0	0	0	0	0	0	
0	0	0	0	0	0	0	0	2	21	44	71	90	123	515	714	257	152	46	11	2	0	0	0	0	0	0	0	0	0	
0	0	0	0	0	0	0	0	0	0	17	26	108	320	486	632	301	110	37	11	0	0	0	0	0	0	0	0	0	0	
0	0	0	0	0	0	0	0	0	0	0	53	231	293	332	505	450	133	37	14	0	0	0	0	0	0	0	0	0	0	
0	0	0	0	0	0	0	0	0	0	0	19	88	261	597	639	371	68	5	0	0	0	0	0	0	0	0	0	0	0	
0	0	0	0	0	0	0	0	0	0	3	23	107	425	570	466	227	105	73	31	10	7	1	0	0	0	0	0	0	0	
0	0	0	0	0	0	0	0	0	1	40	53	50	96	640	783	261	116	8	0	0	0	0	0	0	0	0	0	0	0	
0	0	0	0	0	0	0	0	0	0	7	11	113	463	476	516	229	125	57	36	13	2	0	0	0	0	0	0	0	0	
0	0	0	0	0	0	0	0	0	0	36	79	87	185	505	706	279	130	41	0	0	0	0	0	0	0	0	0	0	0	
0	0	0	0	0	0	0	0	0	10	41	89	95	178	563	607	224	125	78	25	13	0	0	0	0	0	0	0	0	0	
0	0	0	0	0	0	0	0	0	0	0	34	239	434	368	354	256	220	131	12	0	0	0	0	0	0	0	0	0	0	
0	0	0	0	0	0	0	0	0	0	6	53	168	297	427	538	360	142	52	5	0	0	0	0	0	0	0	0	0	0	
0	0	0	0	0	0	0	0	0	0	0	0	181	428	470	441	274	148	70	36	0	0	0	0	0	0	0	0	0	0	
0	0	0	0	0	0	0	0	0	3	20	132	324	299	234	247	270	335	156	28	0	0	0	0	0	0	0	0	0	0	
0	0	0	0	0	0	0	0	0	0	0	0	24	100	666	1099	143	16	0	0	0	0	0	0	0	0	0	0	0	0	
0	0	0	0	0	0	0	0	0	0	0	0	12	220	376	1208	232	0	0	0	0	0	0	0	0	0	0	0	0	0	
0	0	0	0	0	0	0	0	1	8	20	56	122	361	465	461	322	92	73	56	11	0	0	0	0	0	0	0	0	0	
0	0	0	0	0	0	0	0	0	5	16	82	209	373	307	328	342	340	46	0	0	0	0	0	0	0	0	0	0	0	
0	0	0	0	0	0	0	0	0	0	0	4	41	339	553	713	345	50	3	0	0	0	0	0	0	0	0	0	0	0	
0	0	0	0	0	0	0	0	0	0	0	6	75	170	665	855	226	50	1	0	0	0	0	0	0	0	0	0	0	0	
0	0	0	0	0	0	0	0	0	0	0	0	9	37	816	1141	32	13	0	0	0	0	0	0	0	0	0	0	0	0	
0	0	0	0	0	0	0	0	0	0	0	0	0	16	917	1091	24	0	0	0	0	0	0	0	0	0	0	0	0	0	
0	0	0	0	0	0	0	0	0	0	0	0	0	0	803	1241	4	0	0	0	0	0	0	0	0	0	0	0	0	0	
0	0	0	0	0	0	0	0	0	0	0	1	3	75	878	998	83	8	1	1	0	0	0	0	0	0	0	0	0	0	
0	0	0	0	0	0	0	0	0	0	0	0	0	0	802	1244	2	0	0	0	0	0	0	0	0	0	0	0	0	0	
0	0	0	0	0	0	0	0	0	0	23	113	164	265	457	557	140	133	89	71	35	1	0	0	0	0	0	0	0	0	
0	0	0	0	0	0	0	0	0	1	4	17	59	492	416	438	506	86	29	0	0	0	0	0	0	0	0	0	0	0	
0	0	0	0	0	0	0	0	0	6	57	160	205	244	293	353	274	257	147	51	1	0	0	0	0	0	0	0	0	0	
0	0	0	0	0	0	0	0	0	0	1	36	147	276	601	543	253	92	53	38	8	0	0	0	0	0	0	0	0	0	
0	0	0	0	0	0	0	0	0	0	0	11	117	222	742	622	159	69	72	33	1	0	0	0	0	0	0	0	0	0	
0	0	0	0	0	0	0	0	0	0	0	28	135	209	644	713	121	89	74	35	0	0	0	0	0	0	0	0	0	0	
0	0	0	0	0	0	0	0	0	1	26	143	196	294	361	334	270	221	181	20	1	0	0	0	0	0	0	0	0	0	
0	0	0	0	0	0	0	0	0	0	9	76	148	191	559	646	181	130	91	17	0	0	0	0	0	0	0	0	0	0	
0	0	0	0	0	0	0	0	0	0	3	43	134	295	452	673	240	106	71	21	8	2	0	0	0	0	0	0	0	0	
0	0	0	0	0	0	0	0	0	0	28	64	95	207	511	626	402	108	7	0	0	0	0	0	0	0	0	0	0	0	
0	0	0	0	0	0	0	0	0	1	23	63	143	284	439	596	275	105	90	26	3	0	0	0	0	0	0	0	0	0	
0	0	0	0	0	0	0	0	3	10	40	74	131	209	468	575	280	139	107	12	0	0	0	0	0	0	0	0	0	0	
0	0	0	0	0	0	0	0	2	16	83	143	176	235	258	336	361	275	123	40	0	0	0	0	0	0	0	0	0	0	
0	0	0	0	0	0	0	0	0	0	12	191	247	293	288	257	311	235	190	24	0	0	0	0	0	0	0	0	0	0	
0	0	0	0	0	0	0	0	0	0	8	104	213	276	416	404	271	167	164	25	0	0	0	0	0	0	0	0	0	0	
0	0	0	0	0	0	0	0	0	0	39	184	267	221	253	311	350	197	196	30	0	0	0	0	0	0	0	0	0	0	
0	0	0	0	0	0	0	0	0	0	0	0	41	127	788	939	145	8	0	0	0	0	0	0	0	0	0	0	0	0	
0	0	0	0	0	0	0	0	0	0	0	15	154	253	593	533	321	161	18	0	0	0	0	0	0	0	0	0	0	0	
0	0	0	0	0	0	0	0	0	0	0	52	182	140	577	679	262	93	27	30	6	0	0	0	0	0	0	0	0	0	
0	0	0	0	0	0	0	0	0	10	83	139	157	210	326	406	310	275	115	17	0	0	0	0	0	0	0	0	0	0	
0	0	0	0	0	0	0	0	0	0	16	109	187	305	442	364	268	187	126	44	0	0	0	0	0	0	0	0	0	0	
0	0	0	0	0	0	0	0	0	0	0	73	241	288	339	474	358	227	47	1	0	0	0	0	0	0	0	0	0	0	
0	0	0	0	0	0	0	0	0	0	0	0	12	54	824	1101	43	14	0	0	0	0	0	0	0	0	0	0	0	0	
/*fin_/mnt/d/index_audio_v3/index_audio/Audio_data_base/corpus_fi.bin*/
/mnt/d/index_audio_v3/index_audio/Audio_data_base/jingle_fi.bin
0	0	0	0	0	0	0	2	4	20	50	94	197	297	392	369	229	169	122	62	29	12	0	0	0	0	0	0	0	0	
0	0	0	0	0	0	0	0	0	4	44	122	222	288	313	292	319	259	124	46	11	4	0	0	0	0	0	0	0	0	
0	0	0	0	0	0	0	0	2	8	36	68	197	360	401	360	256	208	110	27	12	3	0	0	0	0	0	0	0	0	
0	0	0	0	0	0	0	0	0	2	12	56	168	297	401	495	353	185	67	10	2	0	0	0	0	0	0	0	0	0	
0	0	0	0	0	0	0	0	0	2	21	71	186	321	432	441	319	173	60	19	3	0	0	0	0	0	0	0	0	0	
0	0	0	0	0	0	0	0	0	6	26	90	216	280	319	424	365	178	104	34	6	0	0	0	0	0	0	0	0	0	
0	0	0	0	0	0	0	2	4	8	33	94	163	266	365	403	394	219	74	20	3	0	0	0	0	0	0	0	0	0	
0	0	0	0	0	0	0	0	1	14	47	115	199	289	330	357	322	238	107	28	1	0	0	0	0	0	0	0	0	0	
0	0	0	0	0	0	0	0	0	19	47	116	203	223	324	370	336	224	131	50	5	0	0	0	0	0	0	0	0	0	
0	0	0	0	0	0	0	0	0	1	7	45	165	357	490	431	300	173	67	12	0	0	0	0	0	0	0	0	0	0	
0	0	0	0	0	0	0	0	0	0	3	68	207	326	412	413	324	192	73	29	1	0	0	0	0	0	0	0	0	0	
0	0	0	0	0	0	0	0	0	0	2	45	196	366	408	444	313	160	82	28	4	0	0	0	0	0	0	0	0	0	
0	0	0	0	0	0	0	0	0	0	3	48	171	357	466	454	324	149	64	12	0	0	0	0	0	0	0	0	0	0	
0	0	0	0	0	0	0	0	0	2	12	61	206	300	406	399	378	175	76	28	5	0	0	0	0	0	0	0	0	0	
0	0	0	0	0	0	0	0	0	1	12	52	209	392	405	333	284	215	107	32	4	2	0	0	0	0	0	0	0	0	
0	0	0	0	0	0	0	0	0	0	10	92	236	369	387	321	243	242	110	33	5	0	0	0	0	0	0	0	0	0	
0	0	0	0	0	0	0	0	0	0	13	86	200	315	423	406	254	164	115	54	15	3	0	0	0	0	0	0	0	0	
0	0	0	0	0	0	0	0	0	0	1	50	202	356	523	425	202	106	104	61	16	2	0	0	0	0	0	0	0	0	
0	0	0	0	0	0	0	0	0	0	7	82	170	279	505	507	244	103	76	58	16	1	0	0	0	0	0	0	0	0	
/*fin_/mnt/d/index_audio_v3/index_audio/Audio_data_base/jingle_fi.bin*/
